 #   N                solution                   Error
     1    0.00000000000000E+00    0.43700000000000E+01
     2   -0.50000000000000E+01    0.54380000000000E+02
     3   -0.25000000000000E+01    0.12495000000000E+02
     4   -0.37500000000000E+01    0.57081250000000E+01
     5   -0.31250000000000E+01    0.64696093750000E+01
     6   -0.34375000000000E+01    0.12413378906250E+01
     7   -0.35937500000000E+01    0.20068005371094E+01
     8   -0.35156250000000E+01    0.32751358032227E+00
     9   -0.34765625000000E+01    0.47053777694702E+00
    10   -0.34960937500000E+01    0.74940855503082E-01
    11   -0.35058593750000E+01    0.12542637914419E+00
    12   -0.35009765625000E+01    0.25028115250170E-01
    13   -0.34985351562500E+01    0.25009988113307E-01
    14   -0.34997558593750E+01    0.43463852490433E-05
    15   -0.35003662109375E+01    0.12508531261919E-01
    16   -0.35000610351562E+01    0.62512542309650E-02
    17   -0.34999084472656E+01    0.31232443816736E-02
    18   -0.34998321533203E+01    0.15593966142449E-02
    19   -0.34997940063477E+01    0.77751201867660E-03
    20   -0.34997749328613E+01    0.38657954277443E-03
    21   -0.34997653961182E+01    0.19111576028497E-03
    22   -0.34997606277466E+01    0.93384482899417E-04
    23   -0.34997582435608E+01    0.44518997666110E-04
    24   -0.34997570514679E+01    0.20086293422317E-04
    25   -0.34997564554214E+01    0.78699508891944E-05
    26   -0.34997561573982E+01    0.17617820207150E-05
    27   -0.34997560083866E+01    0.12923018166688E-05
    28   -0.34997560828924E+01    0.23474005050872E-06
