 #   N                solution                   Error
     1   -0.16378779840849E+01    0.13417920821663E+02
     2   -0.17820063016391E+01    0.13721012121816E+02
     3    0.47427154282723E+01    0.11751896707846E+03
     4   -0.26445067813932E+01    0.11571901822189E+02
     5   -0.34513645262696E+01    0.97085357053068E+00
     6   -0.35252572870540E+01    0.52853187194556E+00
     7   -0.34992101626294E+01    0.11186052002599E-01
     8   -0.34997500084922E+01    0.12426346359984E-03
     9   -0.34997560728928E+01    0.29791309863469E-07
